Answer: 2008-3-30 21:15:28.33464 (+2.8125 seconds)

 02 3E 03                                          .>.             

Request: 2008-3-30 21:15:28.52264 (+0.1875 seconds)

 02 3E 03                                          .>.             
-----------------------------------------------------------------------上面是正常的应答
Answer: 2008-3-30 21:15:29.35064 (+0.8281 seconds)

 02 3B 41 31 20 20 20 20 20 30 20 35 36 31 20 31   .;A1     0 561 1
 35 30 30 32 39 36 37 37 34 33 32 20 20 20 20 30   50029677432    0
 30 33 33 30 30 38 32 31 31 35 03                  0330082115.     

Request: 2008-3-30 21:15:29.64764 (+0.2656 seconds)

 02 3B 41 31 20 20 20 20 20 30 20 35 36 31 20 31   .;A1     0 561 1
 35 30 30 32 39 36 37 37 34 33 32 20 20 20 20 30   50029677432    0
 30 33 33 30 30 38 32 31 31 35 20 20 33 30 30 30   0330082115  3000
 30 30 30 30 31 30 30 31 31 30 30 30 30 30 30 30   0000100110000000
 30 30 30 30 30 30 30 30 30 30 30 30 30 30 30 30   0000000000000000
 30 30 30 30 30 30 30 30 30 30 30 30 30 30 30 30   0000000000000000
 30 30 30 30 30 30 30 30 30 30 30 30 30 30 30 30   0000000000000000
 30 30 30 30 30 30 30 30 30 30 30 30 30 30 30 30   0000000000000000
 30 30 30 30 31 30 30 30 30 30 30 03               00001000000.    
-----------------------------------------------------------------------上面是仪器扫到条码后发的信息和应答的信息。
Answer: 2008-3-30 21:15:32.35064 (+2.7031 seconds)

 02 3E 03                                          .>.             

Request: 2008-3-30 21:15:32.64764 (+0.2969 seconds)

 02 3E 03                                          .>.
