 02 30 38 2F 20 33 2F 32 38 20 39 3A 34 34 20 20   .08/ 3/28 9:44  
 20 20 20 20 20 20 20 20 20 20 37 43 FF FF FF FF             7Cÿÿÿÿ
 FF FF 20 52 01 92 75 01 54 03 4E 01 23 01 58 01   ÿÿ R.u.T.N.#.X.
 8C 01 A6 45 01 FD 23 06 29 86 01 B6 62 56 8F 01   .¦E.ý#.).¶bV.
 E4 05 B3 20 20 38 2E 32 20 34 2E 30 32 20 20 31   ä.³  8.2 4.02  1
 31 37 30 2E 33 34 30 20 38 34 2E 36 20 32 39 2E   170.340 84.6 29.
 31 20 20 33 34 34 20 20 33 39 36 30 2E 34 32 32   1  344  3960.422
 30 2E 30 36 39 30 2E 35 30 39 20 20 33 2E 35 20   0.0690.509  3.5 
 20 30 2E 36 20 20 34 2E 31 30 2E 31 33 34 20 34    0.6  4.10.134 4
 33 2E 38 20 20 39 2E 38 20 20 38 2E 36 30 2E 31   3.8  9.8  8.60.1
 34 33 20 34 38 2E 34 31 34 35 2E 39 20 20 20 20   43 48.4145.9    
 2D 20 20 20 20 20 20 20 20 20 20 20 20 2D 20 20   -            -  
 20 20 20 20 20 20 20 20 20 20 20 20 20 20 20 20                   
 20 20 20 20 20 20 20 20 20 20 20 20 20 20 20 20                   
 20 20 20 01 04 0B 24 50 64 55 2A 11 0F 0F 0C 08      ...$PdU*.....
 04 05 0B 11 1A 25 2C 2E 2F 2D 25 20 19 11 09 06   .....%,./-% ....
 05 04 02 01 01 01 01 01 01 01 01 01 02 04 09 14   ................
 28 46 5E 64 5B 4A 37 2A 20 19 13 0D 09 07 05 04   (F^d[J7* .......
 03 03 03 03 03 02 02 02 02 01 01 01 01 01 01 01   ................
 09 23 47 60 64 58 45 36 29 1C 14 0F 0A 07 05 04   .#G`dXE6).......
 04 03 03 02 02 02 01 01 01 01 01 01 02 02 01 02   ................
 03 03 04 06 08 0A 04 0A 10 31 04 31 01 1D 20 20   .........1.1..  
 20 20 20 20 20 20 02 20 43 30 30 20 20 20 20 20         . C00     
 20 20 20 20 20 20 20 20 20 20 20 20 20 20 20 20                   
 20 20 55 A9 03                                      U©.           

