NEGATIVE CONTROL      0.045  IN WELLS  A1 

CUT OFF EQUATION  N*2.1
CUT OFF         0.095
GREY AREA       0.000  ( 0.095 -  0.095)
INTERPRETATION  + > -

ABSORBANCES
07. AUG 2006 06:51:11

 0.045 2.073 1.517 2.228 0.044 0.046 0.105 0.072 0.039 0.063 0.042 0.940
 1.904 0.047 0.063 0.056 0.176 0.003 0.003 0.003 0.003 0.004 0.004 0.004
 0.001 0.001 0.002 0.002 0.002 0.002 0.003 0.003 0.003 0.003 0.003 0.004
 0.001 0.002 0.002 0.002 0.003 0.003 0.003 0.003 0.004 0.004 0.004 0.004
 2.086 2.080 2.062 2.044 2.114 2.112 2.117 2.094 1.988 1.953 1.957 1.977
 0.001 0.001 0.002 0.002 0.002 0.002 0.002 0.003 0.003 0.003 0.003 0.003
 0.001 0.001 0.002 0.002 0.002 0.002 0.002 0.003 0.003 0.003 0.003 0.003
 0.001 0.001 0.002 0.002 0.002 0.002 0.002 0.003 0.003 0.003 0.003 0.003
