001  000000  000 5.10 145.0  97.3 1.17 7.53  -2.1
002  000000  000 3.78 121.6  88.5 1.17 7.88  23.8
003  000000  000 6.08 138.0 105.9 1.25 7.85  17.0
004  000000  000 2.69 140.7  95.1 1.13 7.79  40.3
005  000000  000 6.54 139.1 103.4 1.19 7.69  16.9
006  000000  000 3.70 142.0 103.1 1.22 7.70  25.4
007  000000  000 3.77 142.8 101.2 1.18 7.61  29.4
008  000000  000 3.93 144.7 102.4 1.11 7.50  30.1
009  000000  000 5.00 144.8  97.0 1.15 7.52  -2.3
010  000000  000 4.20 143.2  99.8 1.15 7.55  29.4
011  000000  000 4.28 143.8 102.7 1.19 7.65  29.1
012  000000  000 4.00 143.9 101.8 1.19 7.69  26.0
013  000000  000 2.96 137.1  98.1 1.16 7.84  24.6
014  000000  000 3.97 141.0 101.7 1.19 7.72  25.1
015  000000  000 4.82 141.9 102.9 1.19 7.68  25.6
016  000000  000 4.24 138.7 102.0 1.18 7.71  24.0
017  000000  000 3.62 143.3 103.6 1.17 7.81  25.8
018  000000  000 4.20 139.5 102.1 1.24 7.82  23.5
019  000000  000 4.12 132.8  99.0 1.09 7.83  25.3
020  000000  000 3.97 136.3  93.8 1.24 7.89  40.2
021  000000  000 4.53 142.5 104.9 1.19 7.69  30.5
022  000000  000 4.19 138.9  97.3 1.27 7.71  31.8
023  000000  000 4.68 138.7  96.8 1.21 7.80  31.4
024  000000  000 4.39 138.5 101.7 1.19 7.78  23.8
025  000000  000 4.59 140.0 100.5 1.24 7.81  27.0
026  000000  000 3.79 122.7  88.4 1.12 7.73  21.6
027  000000  000 4.68 143.4 101.1 1.24 7.71  25.8
028  000000  000 3.86 141.8 104.6 1.16 7.72  24.5
029  000000  000 4.48 144.9 103.0 1.23 7.69  25.7
030  000000  000 4.23 139.4 102.7 1.22 7.82  18.4
031  000000  000 4.85 135.4  98.6 1.33 7.89  18.8
032  000000  000 6.11 138.8 106.1 1.25 7.85  16.1
033  000000  000 4.29 141.1 101.0 1.33 8.00  25.8
034  000000  000 4.57 145.1  98.0 1.26 7.92  30.0
035  000000  000 3.88 137.1 102.7 1.23 7.69  11.7
036  000000  000 4.43 140.4  99.2 1.16 7.73  30.9
037  000000  000 3.78 133.5 100.7 1.18 7.94  31.1
038  000000  000 4.35 132.4  95.9 1.24 7.83  30.9
039  000000  000 4.04 139.6 102.7 1.16 7.72  23.8
040  000000  000 2.68 140.8  95.7 1.19 7.96  40.5
041  000000  000 3.16 136.7 104.9 1.13 7.74  21.0
042  000000  000 6.54 139.1 103.4 1.17 7.63  21.0
