002  000000  128 6.24 141.2  93.7 0.90 7.38  -0.0
003  000000  000 6.08 138.0 105.9 1.25 7.85  17.0
002  000000  128 6.24 141.2  93.7 0.90 7.38  -0.0
001  000888  000 3.51 128.3  90.1 0.63 6.56  -0.3
002  000000  128 6.24 141.2  93.7 0.90 7.38  -0.0
003  000000  000 6.08 138.0 105.9 1.25 7.85  17.0
004  000000  000 2.69 140.7  95.1 1.13 7.79  40.3
005  000000  000 6.54 139.1 103.4 1.19 7.69  16.9
006  000000  000 4.77 143.0 106.3 1.20 7.66  29.6
007  000000  000 3.77 142.8 101.2 1.18 7.61  29.4
