004  000000  000 4.40 143.1 109.7 1.01 7.41  16.5
003  000000  000 3.81 141.7 103.1 1.09 7.56  22.1
002  000000  000 4.57 144.4 103.1 1.14 7.55  25.7
001  000000  000 4.54 144.1 104.4 1.22 7.61  27.8
001  000000  000 4.54 144.1 104.4 1.22 7.61  27.8
002  000000  000 4.57 144.4 103.1 1.14 7.55  25.7
003  000000  000 3.81 141.7 103.1 1.09 7.56  22.1
004  000000  000 4.40 143.1 109.7 1.01 7.41  16.5
005  000000  000 6.62 141.5 104.7 1.23 7.86  16.2
006  000000  000 4.12 127.2  86.5 1.31 8.08  35.6
007  000000  000 4.04 132.7  98.1 1.22 7.82  24.1
