410  1  WBC  0009.1
410  1  LYM  0002.9
410  1  MID  0000.8
410  1  GRA  0005.4
410  1  RBC  004.55
410  1  HGB  00140.
410  1  HCT  0044.0
410  1  MCV  0096.6
410  1  MCH  0030.7
410  1  MCHC  00318.
410  1  RDW  0014.0
410  1  PLT  00186.
410  1  MPV  0009.2
410  1  PCT  000.17
410  1  PDW  0014.7
410  1  LYM%  0032.0
410  1  MID%  0008.9
410  1  GRA%  0059.1
409  1  WBC  0008.0
409  1  LYM  0002.3
409  1  MID  0000.5
409  1  GRA  0005.2
409  1  RBC  005.12
409  1  HGB  00151.
409  1  HCT  0044.6
409  1  MCV  0087.1
409  1  MCH  0029.5
409  1  MCHC  00338.
409  1  RDW  0011.7
409  1  PLT  00155.
409  1  MPV  0010.0
409  1  PCT  000.16
409  1  PDW  0017.9
409  1  LYM%  0029.3
409  1  MID%  0005.9
409  1  GRA%  0064.8
2002  1  WBC  0007.9
2002  1  LYM  0003.9
2002  1  MID  0000.4
2002  1  GRA  0003.6
2002  1  RBC  004.21
2002  1  HGB  00132.
2002  1  HCT  0041.1
2002  1  MCV  0097.8
2002  1  MCH  0031.3
2002  1  MCHC  00320.
2002  1  RDW  0014.4
2002  1  PLT  00225.
2002  1  MPV  0009.1
2002  1  PCT  000.21
2002  1  PDW  0014.5
2002  1  LYM%  0049.6
2002  1  MID%  0004.8
2002  1  GRA%  0045.6
