Port opened by process "Zl9LISComm.exe" (PID: 1704)

 02 02 44 20 30 30 30 34 30 32 20 32 31 30 35 20   ..D 000402 2105 
 20 20 20 20 20 20 20 31 31 33 30 31 32 31 30 37          113012107
 31 39 36 20 20 20 20 45 37 36 20 20 36 2E 38 35   196    E76  6.85
 20 20 37 37 20 20 33 2E 32 37 20 20 37 38 20 33     77  3.27  78 3
 32 2E 30 31 20 20 03 03 02 02 44 20 30 30 30 34   2.01  ....D 0004
 30 33 20 32 31 30 36 20 20 20 20 20 20 20 20 31   03 2106        1
 31 33 30 31 32 31 30 37 33 35 34 20 20 20 20 45   13012107354    E
 31 31 20 20 20 39 2E 35 20 20 03 03 02 02 44 20   11   9.5  ....D 
 30 30 30 34 30 34 20 32 31 30 37 20 20 20 20 20   000404 2107     
 20 20 20 31 31 33 30 31 32 31 30 35 38 31 31 20      113012105811 
 20 20 20 45 30 31 20 20 34 2E 36 34 20 20 30 32      E01  4.64  02
 20 20 35 35 2E 35 20 20 30 33 20 20 32 36 2E 31     55.5  03  26.1
 20 20 30 34 20 20 37 2E 30 38 20 20 30 35 20 33     04  7.08  05 3
 34 31 2E 36 20 20 31 31 20 20 31 31 2E 39 20 20   41.6  11  11.9  
 31 32 20 20 31 39 2E 30 20 20 31 33 20 20 36 35   12  19.0  13  65
 2E 39 20 20 31 34 20 20 31 35 2E 38 20 20 31 35   .9  14  15.8  15
 20 31 35 30 2E 32 20 20 31 36 20 20 36 38 2E 39    150.2  16  68.9
 20 20 31 37 20 20 33 36 2E 34 20 20 31 38 20 20     17  36.4  18  
 20 39 2E 35 20 20 31 39 20 20 20 32 2E 35 20 20    9.5  19   2.5  
 32 30 20 20 20 37 2E 30 20 20 32 31 20 20 20 34   20   7.0  21   4
 2E 31 20 20 32 32 20 20 20 31 2E 36 20 20 32 33   .1  22   1.6  23
 20 20 20 31 2E 31 20 20 32 34 20 20 33 32 2E 35      1.1  24  32.5
 20 20 33 31 20 20 30 2E 34 37 20 20 33 32 20 20     31  0.47  32  
 33 2E 32 34 20 20 33 33 20 20 31 2E 30 30 20 20   3.24  33  1.00  
 33 34 20 20 30 2E 39 31 20 20 33 35 20 20 30 2E   34  0.91  35  0.
 36 37 20 20 33 36 20 20 31 39 2E 32 20 20 33 37   67  36  19.2  37
 20 20 32 2E 31 34 20 20 34 34 20 20 32 2E 31 38     2.14  44  2.18
 20 20 34 35 20 20 30 2E 38 34 20 20 34 36 20 20     45  0.84  46  
 31 2E 31 35 20 20 35 31 20 31 35 38 2E 38 20 20   1.15  51 158.8  
 35 32 20 31 31 31 2E 31 20 20 35 33 20 31 30 36   52 111.1  53 106
 2E 38 20 20 35 34 20 20 31 31 2E 32 20 20 37 36   .8  54  11.2  76
 20 32 35 2E 37 37 20 20 03 03                      25.77  ..      


