Port opened by process "Zl9LISComm.exe" (PID: 1704)

 02 02 52 45 03 03 02 02 44 45 03 03 02 02 52 42   ..RE....DE....RB
 03 03 02 02 44 42 03 03 02 02 52 20 30 30 31 36   ....DB....R 0016
 30 31 20 32 31 30 38 20 20 20 20 20 20 20 20 31   01 2108        1
 31 33 30 31 32 31 30 36 33 34 33 03 03            13012106343..


Port opened by process "Zl9LISComm.exe" (PID: 1704)

 02 02 53 20 30 30 31 36 30 31 20 32 31 30 38 20   ..S 001601 2108 
 20 20 20 20 20 20 20 31 31 33 30 31 32 31 30 36          113012106
 33 34 33 20 20 20 20 45 30 31 30 32 31 31 03 03   343    E010211..
 02 02 53 45 03 03                                 ..SE..
